0.1405888888888889
0.11755555555555557
0.03952222222222223
0.015344444444444444
0.0077444444444444436
0.0047666666666666664
0.0035555555555555566
0.004255555555555557
5.11111111111111E-4
1.5555555555555556E-4
2.4444444444444443E-4
0.0011777777777777778
9.88888888888889E-4
9.000000000000001E-4
0.0012333333333333335
0.32812222222222226
0.004666666666666667
0.013522222222222222
0.02738888888888889
0.058088888888888905
0.021722222222222223
0.01941111111111111
0.1614111111111111
0.027122222222222225
